service_id,date,exception_type
3263,20180101,1
3263,20180216,1
3263,20180311,1
3263,20180501,1
3263,20180624,1
3263,20180706,1
3263,20171101,1
3263,20171224,1
3263,20171225,1
3263,20171226,1
3262,20180101,2
3262,20180216,2
3262,20180311,2
3262,20180501,2
3262,20180624,2
3262,20180706,2
3262,20171101,2
3262,20171224,2
3262,20171225,2
3262,20171226,2
3353,20180101,2
3353,20180216,2
3353,20180311,2
3353,20180501,2
3353,20180624,2
3353,20180706,2
3353,20171101,2
3353,20171224,2
3353,20171225,2
3353,20171226,2
3129,20180101,1
3129,20180216,1
3129,20180311,1
3129,20180501,1
3129,20180624,1
3129,20180706,1
3129,20171101,1
3129,20171224,1
3129,20171225,1
3129,20171226,1
3270,20180101,2
3270,20180216,2
3270,20180311,2
3270,20180501,2
3270,20180624,2
3270,20180706,2
3270,20171101,2
3270,20171224,2
3270,20171225,2
3270,20171226,2
3269,20180101,2
3269,20180216,2
3269,20180311,2
3269,20180501,2
3269,20180624,2
3269,20180706,2
3269,20171101,2
3269,20171224,2
3269,20171225,2
3269,20171226,2
3268,20180101,2
3268,20180216,2
3268,20180311,2
3268,20180501,2
3268,20180624,2
3268,20180706,2
3268,20171101,2
3268,20171224,2
3268,20171225,2
3268,20171226,2
3273,20180101,2
3273,20180216,2
3273,20180311,2
3273,20180501,2
3273,20180624,2
3273,20180706,2
3273,20171101,2
3273,20171224,2
3273,20171225,2
3273,20171226,2
3272,20180101,2
3272,20180216,2
3272,20180311,2
3272,20180501,2
3272,20180624,2
3272,20180706,2
3272,20171101,2
3272,20171224,2
3272,20171225,2
3272,20171226,2
3271,20180101,2
3271,20180216,2
3271,20180311,2
3271,20180501,2
3271,20180624,2
3271,20180706,2
3271,20171101,2
3271,20171224,2
3271,20171225,2
3271,20171226,2
3274,20180101,2
3274,20180216,2
3274,20180311,2
3274,20180501,2
3274,20180624,2
3274,20180706,2
3274,20171101,2
3274,20171224,2
3274,20171225,2
3274,20171226,2
3373,20180101,2
3373,20180216,2
3373,20180311,2
3373,20180501,2
3373,20180624,2
3373,20180706,2
3373,20171101,2
3373,20171224,2
3373,20171225,2
3373,20171226,2
3277,20180101,1
3277,20180216,1
3277,20180311,1
3277,20180501,1
3277,20180624,1
3277,20180706,1
3277,20171101,1
3277,20171224,1
3277,20171225,1
3277,20171226,1
3276,20180101,2
3276,20180216,2
3276,20180311,2
3276,20180501,2
3276,20180624,2
3276,20180706,2
3276,20171101,2
3276,20171224,2
3276,20171225,2
3276,20171226,2
3278,20180101,2
3278,20180216,2
3278,20180311,2
3278,20180501,2
3278,20180624,2
3278,20180706,2
3278,20171101,2
3278,20171224,2
3278,20171225,2
3278,20171226,2
3279,20180101,2
3279,20180216,2
3279,20180311,2
3279,20180501,2
3279,20180624,2
3279,20180706,2
3279,20171101,2
3279,20171224,2
3279,20171225,2
3279,20171226,2
3291,20180101,1
3291,20180216,1
3291,20180311,1
3291,20180501,1
3291,20180624,1
3291,20180706,1
3291,20171101,1
3291,20171224,1
3291,20171225,1
3291,20171226,1
3280,20180101,2
3280,20180216,2
3280,20180311,2
3280,20180501,2
3280,20180624,2
3280,20180706,2
3280,20171101,2
3280,20171224,2
3280,20171225,2
3280,20171226,2
3335,20180101,1
3335,20180216,1
3335,20180311,1
3335,20180501,1
3335,20180624,1
3335,20180706,1
3335,20171101,1
3335,20171224,1
3335,20171225,1
3335,20171226,1
3334,20180101,2
3334,20180216,2
3334,20180311,2
3334,20180501,2
3334,20180624,2
3334,20180706,2
3334,20171101,2
3334,20171224,2
3334,20171225,2
3334,20171226,2
3284,20180101,2
3284,20180216,2
3284,20180311,2
3284,20180501,2
3284,20180624,2
3284,20180706,2
3284,20171101,2
3284,20171224,2
3284,20171225,2
3284,20171226,2
3285,20180101,1
3285,20180216,1
3285,20180311,1
3285,20180501,1
3285,20180624,1
3285,20180706,1
3285,20171101,1
3285,20171224,1
3285,20171225,1
3285,20171226,1
3286,20180101,2
3286,20180216,2
3286,20180311,2
3286,20180501,2
3286,20180624,2
3286,20180706,2
3286,20171101,2
3286,20171224,2
3286,20171225,2
3286,20171226,2
3287,20180101,1
3287,20180216,1
3287,20180311,1
3287,20180501,1
3287,20180624,1
3287,20180706,1
3287,20171101,1
3287,20171224,1
3287,20171225,1
3287,20171226,1
3289,20180101,2
3289,20180216,2
3289,20180311,2
3289,20180501,2
3289,20180624,2
3289,20180706,2
3289,20171101,2
3289,20171224,2
3289,20171225,2
3289,20171226,2
3248,20180101,2
3248,20180216,2
3248,20180311,2
3248,20180501,2
3248,20180624,2
3248,20180706,2
3248,20171101,2
3248,20171224,2
3248,20171225,2
3248,20171226,2
3249,20180101,1
3249,20180216,1
3249,20180311,1
3249,20180501,1
3249,20180624,1
3249,20180706,1
3249,20171101,1
3249,20171224,1
3249,20171225,1
3249,20171226,1
3290,20180101,2
3290,20180216,2
3290,20180311,2
3290,20180501,2
3290,20180624,2
3290,20180706,2
3290,20171101,2
3290,20171224,2
3290,20171225,2
3290,20171226,2
3293,20180101,1
3293,20180216,1
3293,20180311,1
3293,20180501,1
3293,20180624,1
3293,20180706,1
3293,20171101,1
3293,20171224,1
3293,20171225,1
3293,20171226,1
3292,20180101,2
3292,20180216,2
3292,20180311,2
3292,20180501,2
3292,20180624,2
3292,20180706,2
3292,20171101,2
3292,20171224,2
3292,20171225,2
3292,20171226,2
3295,20180101,1
3295,20180216,1
3295,20180311,1
3295,20180501,1
3295,20180624,1
3295,20180706,1
3295,20171101,1
3295,20171224,1
3295,20171225,1
3295,20171226,1
3294,20180101,2
3294,20180216,2
3294,20180311,2
3294,20180501,2
3294,20180624,2
3294,20180706,2
3294,20171101,2
3294,20171224,2
3294,20171225,2
3294,20171226,2
3297,20180101,1
3297,20180216,1
3297,20180311,1
3297,20180501,1
3297,20180624,1
3297,20180706,1
3297,20171101,1
3297,20171224,1
3297,20171225,1
3297,20171226,1
3296,20180101,2
3296,20180216,2
3296,20180311,2
3296,20180501,2
3296,20180624,2
3296,20180706,2
3296,20171101,2
3296,20171224,2
3296,20171225,2
3296,20171226,2
3298,20180101,2
3298,20180216,2
3298,20180311,2
3298,20180501,2
3298,20180624,2
3298,20180706,2
3298,20171101,2
3298,20171224,2
3298,20171225,2
3298,20171226,2
3299,20180101,1
3299,20180216,1
3299,20180311,1
3299,20180501,1
3299,20180624,1
3299,20180706,1
3299,20171101,1
3299,20171224,1
3299,20171225,1
3299,20171226,1
3300,20180101,2
3300,20180216,2
3300,20180311,2
3300,20180501,2
3300,20180624,2
3300,20180706,2
3300,20171101,2
3300,20171224,2
3300,20171225,2
3300,20171226,2
3301,20180101,2
3301,20180216,2
3301,20180311,2
3301,20180501,2
3301,20180624,2
3301,20180706,2
3301,20171101,2
3301,20171224,2
3301,20171225,2
3301,20171226,2
3302,20180101,1
3302,20180216,1
3302,20180311,1
3302,20180501,1
3302,20180624,1
3302,20180706,1
3302,20171101,1
3302,20171224,1
3302,20171225,1
3302,20171226,1
3305,20180101,2
3305,20180216,2
3305,20180311,2
3305,20180501,2
3305,20180624,2
3305,20180706,2
3305,20171101,2
3305,20171224,2
3305,20171225,2
3305,20171226,2
3304,20180101,2
3304,20180216,2
3304,20180311,2
3304,20180501,2
3304,20180624,2
3304,20180706,2
3304,20171101,2
3304,20171224,2
3304,20171225,2
3304,20171226,2
3303,20180101,2
3303,20180216,2
3303,20180311,2
3303,20180501,2
3303,20180624,2
3303,20180706,2
3303,20171101,2
3303,20171224,2
3303,20171225,2
3303,20171226,2
3307,20180101,1
3307,20180216,1
3307,20180311,1
3307,20180501,1
3307,20180624,1
3307,20180706,1
3307,20171101,1
3307,20171224,1
3307,20171225,1
3307,20171226,1
3306,20180101,2
3306,20180216,2
3306,20180311,2
3306,20180501,2
3306,20180624,2
3306,20180706,2
3306,20171101,2
3306,20171224,2
3306,20171225,2
3306,20171226,2
3309,20180101,1
3309,20180216,1
3309,20180311,1
3309,20180501,1
3309,20180624,1
3309,20180706,1
3309,20171101,1
3309,20171224,1
3309,20171225,1
3309,20171226,1
3308,20180101,2
3308,20180216,2
3308,20180311,2
3308,20180501,2
3308,20180624,2
3308,20180706,2
3308,20171101,2
3308,20171224,2
3308,20171225,2
3308,20171226,2
3312,20180101,1
3312,20180216,1
3312,20180311,1
3312,20180501,1
3312,20180624,1
3312,20180706,1
3312,20171101,1
3312,20171224,1
3312,20171225,1
3312,20171226,1
3311,20180101,2
3311,20180216,2
3311,20180311,2
3311,20180501,2
3311,20180624,2
3311,20180706,2
3311,20171101,2
3311,20171224,2
3311,20171225,2
3311,20171226,2
3310,20180101,2
3310,20180216,2
3310,20180311,2
3310,20180501,2
3310,20180624,2
3310,20180706,2
3310,20171101,2
3310,20171224,2
3310,20171225,2
3310,20171226,2
3313,20180101,2
3313,20180216,2
3313,20180311,2
3313,20180501,2
3313,20180624,2
3313,20180706,2
3313,20171101,2
3313,20171224,2
3313,20171225,2
3313,20171226,2
3314,20180101,2
3314,20180216,2
3314,20180311,2
3314,20180501,2
3314,20180624,2
3314,20180706,2
3314,20171101,2
3314,20171224,2
3314,20171225,2
3314,20171226,2
3315,20180101,2
3315,20180216,2
3315,20180311,2
3315,20180501,2
3315,20180624,2
3315,20180706,2
3315,20171101,2
3315,20171224,2
3315,20171225,2
3315,20171226,2
3316,20180101,1
3316,20180216,1
3316,20180311,1
3316,20180501,1
3316,20180624,1
3316,20180706,1
3316,20171101,1
3316,20171224,1
3316,20171225,1
3316,20171226,1
3318,20180101,1
3318,20180216,1
3318,20180311,1
3318,20180501,1
3318,20180624,1
3318,20180706,1
3318,20171101,1
3318,20171224,1
3318,20171225,1
3318,20171226,1
3317,20180101,2
3317,20180216,2
3317,20180311,2
3317,20180501,2
3317,20180624,2
3317,20180706,2
3317,20171101,2
3317,20171224,2
3317,20171225,2
3317,20171226,2
3181,20180101,1
3181,20180216,1
3181,20180311,1
3181,20180501,1
3181,20180624,1
3181,20180706,1
3181,20171101,1
3181,20171224,1
3181,20171225,1
3181,20171226,1
3180,20180101,2
3180,20180216,2
3180,20180311,2
3180,20180501,2
3180,20180624,2
3180,20180706,2
3180,20171101,2
3180,20171224,2
3180,20171225,2
3180,20171226,2
3320,20180101,2
3320,20180216,2
3320,20180311,2
3320,20180501,2
3320,20180624,2
3320,20180706,2
3320,20171101,2
3320,20171224,2
3320,20171225,2
3320,20171226,2
3319,20180101,2
3319,20180216,2
3319,20180311,2
3319,20180501,2
3319,20180624,2
3319,20180706,2
3319,20171101,2
3319,20171224,2
3319,20171225,2
3319,20171226,2
3321,20180101,1
3321,20180216,1
3321,20180311,1
3321,20180501,1
3321,20180624,1
3321,20180706,1
3321,20171101,1
3321,20171224,1
3321,20171225,1
3321,20171226,1
3323,20180101,2
3323,20180216,2
3323,20180311,2
3323,20180501,2
3323,20180624,2
3323,20180706,2
3323,20171101,2
3323,20171224,2
3323,20171225,2
3323,20171226,2
3324,20180101,1
3324,20180216,1
3324,20180311,1
3324,20180501,1
3324,20180624,1
3324,20180706,1
3324,20171101,1
3324,20171224,1
3324,20171225,1
3324,20171226,1
3326,20180101,2
3326,20180216,2
3326,20180311,2
3326,20180501,2
3326,20180624,2
3326,20180706,2
3326,20171101,2
3326,20171224,2
3326,20171225,2
3326,20171226,2
3327,20180101,1
3327,20180216,1
3327,20180311,1
3327,20180501,1
3327,20180624,1
3327,20180706,1
3327,20171101,1
3327,20171224,1
3327,20171225,1
3327,20171226,1
3328,20180101,2
3328,20180216,2
3328,20180311,2
3328,20180501,2
3328,20180624,2
3328,20180706,2
3328,20171101,2
3328,20171224,2
3328,20171225,2
3328,20171226,2
3331,20180101,1
3331,20180216,1
3331,20180311,1
3331,20180501,1
3331,20180624,1
3331,20180706,1
3331,20171101,1
3331,20171224,1
3331,20171225,1
3331,20171226,1
3330,20180101,2
3330,20180216,2
3330,20180311,2
3330,20180501,2
3330,20180624,2
3330,20180706,2
3330,20171101,2
3330,20171224,2
3330,20171225,2
3330,20171226,2
3329,20180101,2
3329,20180216,2
3329,20180311,2
3329,20180501,2
3329,20180624,2
3329,20180706,2
3329,20171101,2
3329,20171224,2
3329,20171225,2
3329,20171226,2
3333,20180101,1
3333,20180216,1
3333,20180311,1
3333,20180501,1
3333,20180624,1
3333,20180706,1
3333,20171101,1
3333,20171224,1
3333,20171225,1
3333,20171226,1
3332,20180101,2
3332,20180216,2
3332,20180311,2
3332,20180501,2
3332,20180624,2
3332,20180706,2
3332,20171101,2
3332,20171224,2
3332,20171225,2
3332,20171226,2
3355,20180101,2
3355,20180216,2
3355,20180311,2
3355,20180501,2
3355,20180624,2
3355,20180706,2
3355,20171101,2
3355,20171224,2
3355,20171225,2
3355,20171226,2
3356,20180101,1
3356,20180216,1
3356,20180311,1
3356,20180501,1
3356,20180624,1
3356,20180706,1
3356,20171101,1
3356,20171224,1
3356,20171225,1
3356,20171226,1
3357,20180101,2
3357,20180216,2
3357,20180311,2
3357,20180501,2
3357,20180624,2
3357,20180706,2
3357,20171101,2
3357,20171224,2
3357,20171225,2
3357,20171226,2
3358,20180101,1
3358,20180216,1
3358,20180311,1
3358,20180501,1
3358,20180624,1
3358,20180706,1
3358,20171101,1
3358,20171224,1
3358,20171225,1
3358,20171226,1
3359,20180101,2
3359,20180216,2
3359,20180311,2
3359,20180501,2
3359,20180624,2
3359,20180706,2
3359,20171101,2
3359,20171224,2
3359,20171225,2
3359,20171226,2
3360,20180101,2
3360,20180216,2
3360,20180311,2
3360,20180501,2
3360,20180624,2
3360,20180706,2
3360,20171101,2
3360,20171224,2
3360,20171225,2
3360,20171226,2
3361,20180101,1
3361,20180216,1
3361,20180311,1
3361,20180501,1
3361,20180624,1
3361,20180706,1
3361,20171101,1
3361,20171224,1
3361,20171225,1
3361,20171226,1
3362,20180101,2
3362,20180216,2
3362,20180311,2
3362,20180501,2
3362,20180624,2
3362,20180706,2
3362,20171101,2
3362,20171224,2
3362,20171225,2
3362,20171226,2
3363,20180101,2
3363,20180216,2
3363,20180311,2
3363,20180501,2
3363,20180624,2
3363,20180706,2
3363,20171101,2
3363,20171224,2
3363,20171225,2
3363,20171226,2
3364,20180101,1
3364,20180216,1
3364,20180311,1
3364,20180501,1
3364,20180624,1
3364,20180706,1
3364,20171101,1
3364,20171224,1
3364,20171225,1
3364,20171226,1
3365,20180101,2
3365,20180216,2
3365,20180311,2
3365,20180501,2
3365,20180624,2
3365,20180706,2
3365,20171101,2
3365,20171224,2
3365,20171225,2
3365,20171226,2
3366,20180101,2
3366,20180216,2
3366,20180311,2
3366,20180501,2
3366,20180624,2
3366,20180706,2
3366,20171101,2
3366,20171224,2
3366,20171225,2
3366,20171226,2
3367,20180101,1
3367,20180216,1
3367,20180311,1
3367,20180501,1
3367,20180624,1
3367,20180706,1
3367,20171101,1
3367,20171224,1
3367,20171225,1
3367,20171226,1
3368,20180101,2
3368,20180216,2
3368,20180311,2
3368,20180501,2
3368,20180624,2
3368,20180706,2
3368,20171101,2
3368,20171224,2
3368,20171225,2
3368,20171226,2
3369,20180101,1
3369,20180216,1
3369,20180311,1
3369,20180501,1
3369,20180624,1
3369,20180706,1
3369,20171101,1
3369,20171224,1
3369,20171225,1
3369,20171226,1
3370,20180101,2
3370,20180216,2
3370,20180311,2
3370,20180501,2
3370,20180624,2
3370,20180706,2
3370,20171101,2
3370,20171224,2
3370,20171225,2
3370,20171226,2
3371,20180101,2
3371,20180216,2
3371,20180311,2
3371,20180501,2
3371,20180624,2
3371,20180706,2
3371,20171101,2
3371,20171224,2
3371,20171225,2
3371,20171226,2
3372,20180101,1
3372,20180216,1
3372,20180311,1
3372,20180501,1
3372,20180624,1
3372,20180706,1
3372,20171101,1
3372,20171224,1
3372,20171225,1
3372,20171226,1
3336,20180101,2
3336,20180216,2
3336,20180311,2
3336,20180501,2
3336,20180624,2
3336,20180706,2
3336,20171101,2
3336,20171224,2
3336,20171225,2
3336,20171226,2
3108,20180101,1
3108,20180216,1
3108,20180311,1
3108,20180501,1
3108,20180624,1
3108,20180706,1
3108,20171101,1
3108,20171224,1
3108,20171225,1
3108,20171226,1
3337,20180101,2
3337,20180216,2
3337,20180311,2
3337,20180501,2
3337,20180624,2
3337,20180706,2
3337,20171101,2
3337,20171224,2
3337,20171225,2
3337,20171226,2
3338,20180101,2
3338,20180216,2
3338,20180311,2
3338,20180501,2
3338,20180624,2
3338,20180706,2
3338,20171101,2
3338,20171224,2
3338,20171225,2
3338,20171226,2
3111,20180101,1
3111,20180216,1
3111,20180311,1
3111,20180501,1
3111,20180624,1
3111,20180706,1
3111,20171101,1
3111,20171224,1
3111,20171225,1
3111,20171226,1
3374,20180101,2
3374,20180216,2
3374,20180311,2
3374,20180501,2
3374,20180624,2
3374,20180706,2
3374,20171101,2
3374,20171224,2
3374,20171225,2
3374,20171226,2
3019,20180101,1
3019,20180216,1
3019,20180311,1
3019,20180501,1
3019,20180624,1
3019,20180706,1
3019,20171101,1
3019,20171224,1
3019,20171225,1
3019,20171226,1
3340,20180101,2
3340,20180216,2
3340,20180311,2
3340,20180501,2
3340,20180624,2
3340,20180706,2
3340,20171101,2
3340,20171224,2
3340,20171225,2
3340,20171226,2
3113,20180101,1
3113,20180216,1
3113,20180311,1
3113,20180501,1
3113,20180624,1
3113,20180706,1
3113,20171101,1
3113,20171224,1
3113,20171225,1
3113,20171226,1
3342,20180101,1
3342,20180216,1
3342,20180311,1
3342,20180501,1
3342,20180624,1
3342,20180706,1
3342,20171101,1
3342,20171224,1
3342,20171225,1
3342,20171226,1
3341,20180101,2
3341,20180216,2
3341,20180311,2
3341,20180501,2
3341,20180624,2
3341,20180706,2
3341,20171101,2
3341,20171224,2
3341,20171225,2
3341,20171226,2
3344,20180101,1
3344,20180216,1
3344,20180311,1
3344,20180501,1
3344,20180624,1
3344,20180706,1
3344,20171101,1
3344,20171224,1
3344,20171225,1
3344,20171226,1
3343,20180101,2
3343,20180216,2
3343,20180311,2
3343,20180501,2
3343,20180624,2
3343,20180706,2
3343,20171101,2
3343,20171224,2
3343,20171225,2
3343,20171226,2
3345,20180101,2
3345,20180216,2
3345,20180311,2
3345,20180501,2
3345,20180624,2
3345,20180706,2
3345,20171101,2
3345,20171224,2
3345,20171225,2
3345,20171226,2
3115,20180101,1
3115,20180216,1
3115,20180311,1
3115,20180501,1
3115,20180624,1
3115,20180706,1
3115,20171101,1
3115,20171224,1
3115,20171225,1
3115,20171226,1
3346,20180101,2
3346,20180216,2
3346,20180311,2
3346,20180501,2
3346,20180624,2
3346,20180706,2
3346,20171101,2
3346,20171224,2
3346,20171225,2
3346,20171226,2
3117,20180101,1
3117,20180216,1
3117,20180311,1
3117,20180501,1
3117,20180624,1
3117,20180706,1
3117,20171101,1
3117,20171224,1
3117,20171225,1
3117,20171226,1
3348,20180101,1
3348,20180216,1
3348,20180311,1
3348,20180501,1
3348,20180624,1
3348,20180706,1
3348,20171101,1
3348,20171224,1
3348,20171225,1
3348,20171226,1
3347,20180101,2
3347,20180216,2
3347,20180311,2
3347,20180501,2
3347,20180624,2
3347,20180706,2
3347,20171101,2
3347,20171224,2
3347,20171225,2
3347,20171226,2
3025,20180101,1
3025,20180216,1
3025,20180311,1
3025,20180501,1
3025,20180624,1
3025,20180706,1
3025,20171101,1
3025,20171224,1
3025,20171225,1
3025,20171226,1
3349,20180101,2
3349,20180216,2
3349,20180311,2
3349,20180501,2
3349,20180624,2
3349,20180706,2
3349,20171101,2
3349,20171224,2
3349,20171225,2
3349,20171226,2
3119,20180101,1
3119,20180216,1
3119,20180311,1
3119,20180501,1
3119,20180624,1
3119,20180706,1
3119,20171101,1
3119,20171224,1
3119,20171225,1
3119,20171226,1
3350,20180101,2
3350,20180216,2
3350,20180311,2
3350,20180501,2
3350,20180624,2
3350,20180706,2
3350,20171101,2
3350,20171224,2
3350,20171225,2
3350,20171226,2
3121,20180101,1
3121,20180216,1
3121,20180311,1
3121,20180501,1
3121,20180624,1
3121,20180706,1
3121,20171101,1
3121,20171224,1
3121,20171225,1
3121,20171226,1
3351,20180101,2
3351,20180216,2
3351,20180311,2
3351,20180501,2
3351,20180624,2
3351,20180706,2
3351,20171101,2
3351,20171224,2
3351,20171225,2
3351,20171226,2
3123,20180101,1
3123,20180216,1
3123,20180311,1
3123,20180501,1
3123,20180624,1
3123,20180706,1
3123,20171101,1
3123,20171224,1
3123,20171225,1
3123,20171226,1
3352,20180101,2
3352,20180216,2
3352,20180311,2
3352,20180501,2
3352,20180624,2
3352,20180706,2
3352,20171101,2
3352,20171224,2
3352,20171225,2
3352,20171226,2
3125,20180101,1
3125,20180216,1
3125,20180311,1
3125,20180501,1
3125,20180624,1
3125,20180706,1
3125,20171101,1
3125,20171224,1
3125,20171225,1
3125,20171226,1