service_id,monday,tuesday,wednesday,thursday,friday,saturday,sunday,start_date,end_date
3263,0,0,0,0,0,1,1,20170902,20180801
3262,1,1,1,1,1,0,0,20170828,20180801
3353,1,1,1,1,1,0,0,20170828,20180801
3129,0,0,0,0,0,1,1,20170610,20180801
3270,0,0,0,0,0,1,0,20170902,20180801
3269,0,0,0,0,1,0,0,20170901,20180801
3268,0,0,0,1,0,0,0,20170831,20180801
3273,0,0,0,0,0,1,0,20170902,20180801
3272,0,0,0,0,1,0,0,20170901,20180801
3271,0,0,0,1,0,0,0,20170831,20180801
3274,1,1,1,1,1,0,0,20170828,20180801
3373,1,1,1,1,1,0,0,20170828,20180801
3277,0,0,0,0,0,1,1,20170902,20180801
3276,1,1,1,1,1,0,0,20170828,20180801
3278,1,1,1,1,1,0,0,20170828,20180801
3279,1,1,1,1,1,0,0,20170828,20180801
3291,0,0,0,0,0,1,1,20170902,20180801
3280,1,1,1,1,1,0,0,20170828,20180801
3335,0,0,0,0,0,1,1,20170902,20180801
3334,1,1,1,1,1,0,0,20170828,20180801
3284,1,1,1,1,1,0,0,20170828,20180801
3285,0,0,0,0,0,1,1,20170902,20180801
3286,1,1,1,1,1,0,0,20170828,20180801
3287,0,0,0,0,0,1,1,20170902,20180801
3289,1,1,1,1,1,0,0,20170828,20180801
3248,1,1,1,1,1,0,0,20170821,20180801
3249,0,0,0,0,0,1,1,20170819,20180801
3290,1,1,1,1,1,0,0,20170828,20180801
3293,0,0,0,0,0,1,1,20170902,20180801
3292,1,1,1,1,1,0,0,20170828,20180801
3295,0,0,0,0,0,1,1,20170902,20180801
3294,1,1,1,1,1,0,0,20170828,20180801
3297,0,0,0,0,0,1,1,20170902,20180801
3296,1,1,1,1,1,0,0,20170828,20180801
3298,1,1,1,1,1,0,0,20170828,20180801
3299,0,0,0,0,0,1,1,20170902,20180801
3300,1,1,1,1,1,0,0,20170828,20180801
3301,1,1,1,1,1,0,0,20170828,20180801
3302,0,0,0,0,0,1,1,20170902,20180801
3305,0,0,0,0,0,1,0,20170902,20180801
3304,0,0,0,0,1,0,0,20170901,20180801
3303,0,0,0,1,0,0,0,20170831,20180801
3307,0,0,0,0,0,1,1,20170902,20180801
3306,1,1,1,1,1,0,0,20170828,20180801
3309,0,0,0,0,0,1,1,20170902,20180801
3308,1,1,1,1,1,0,0,20170828,20180801
3312,0,0,0,0,0,0,1,20170903,20180801
3311,0,0,0,0,0,1,0,20170902,20180801
3310,1,1,1,1,1,0,0,20170828,20180801
3313,1,1,1,1,1,0,0,20170828,20180801
3314,1,1,1,1,1,0,0,20170828,20180801
3315,1,1,1,1,1,0,0,20170828,20180801
3316,0,0,0,0,0,1,1,20170902,20180801
3318,0,0,0,0,0,1,1,20170902,20180801
3317,1,1,1,1,1,0,0,20170828,20180801
3181,0,0,0,0,0,1,1,20170610,20180801
3180,1,1,1,1,1,0,0,20170605,20180801
3320,0,0,0,0,0,1,0,20170902,20180801
3319,1,1,1,1,1,0,0,20170828,20180801
3321,0,0,0,0,0,0,1,20170903,20180801
3323,1,1,1,1,1,0,0,20170828,20180801
3324,0,0,0,0,0,1,1,20170902,20180801
3326,1,1,1,1,1,0,0,20170828,20180801
3327,0,0,0,0,0,1,1,20170902,20180801
3328,1,1,1,1,1,0,0,20170828,20180801
3331,0,0,0,0,0,1,1,20170902,20180801
3330,0,0,0,1,0,0,0,20170831,20180801
3329,0,1,0,0,0,0,0,20170829,20180801
3333,0,0,0,0,0,1,1,20170902,20180801
3332,1,1,1,1,1,0,0,20170828,20180801
3355,1,1,1,1,1,0,0,20170829,20180801
3356,0,0,0,0,0,1,1,20160608,20180801
3357,1,1,1,1,1,0,0,20170829,20180801
3358,0,0,0,0,0,1,1,20170829,20180801
3359,1,1,1,1,1,0,0,20170829,20180801
3360,0,0,0,0,0,1,0,20160608,20180801
3361,0,0,0,0,0,0,1,20160608,20180801
3362,1,1,1,1,1,0,0,20170829,20180801
3363,0,0,0,0,0,1,0,20170829,20180801
3364,0,0,0,0,0,0,1,20170829,20180801
3365,1,1,1,1,1,0,0,20170829,20180801
3366,0,0,0,0,0,1,0,20160323,20180801
3367,0,0,0,0,0,0,1,20160323,20180801
3368,1,1,1,1,1,0,0,20170829,20180801
3369,0,0,0,0,0,1,1,20170829,20180801
3370,1,1,1,1,1,0,0,20170829,20180801
3371,0,0,0,0,0,1,0,20160227,20180801
3372,0,0,0,0,0,0,1,20160227,20180801
3336,1,1,1,1,1,0,0,20170828,20180801
3108,0,0,0,0,0,1,1,20170610,20180801
3337,1,1,1,1,1,0,0,20170828,20180801
3338,1,1,1,1,1,0,0,20170828,20180801
3111,0,0,0,0,0,1,1,20170610,20180801
3374,1,1,1,1,1,0,0,20170828,20180801
3019,0,0,0,0,0,1,1,20170603,20180801
3340,1,1,1,1,1,0,0,20170828,20180801
3113,0,0,0,0,0,1,1,20170610,20180801
3342,0,0,0,0,0,1,1,20170902,20180801
3341,1,1,1,1,1,0,0,20170828,20180801
3344,0,0,0,0,0,1,1,20170902,20180801
3343,1,1,1,1,1,0,0,20170828,20180801
3345,1,1,1,1,1,0,0,20170828,20180801
3115,0,0,0,0,0,1,1,20170610,20180801
3346,1,1,1,1,1,0,0,20170828,20180801
3117,0,0,0,0,0,1,1,20170610,20180801
3348,0,0,0,0,0,1,1,20170902,20180801
3347,1,1,1,1,1,0,0,20170828,20180801
3025,0,0,0,0,0,1,1,20170603,20180801
3349,1,1,1,1,1,0,0,20170828,20180801
3119,0,0,0,0,0,1,1,20170610,20180801
3350,1,1,1,1,1,0,0,20170828,20180801
3121,0,0,0,0,0,1,1,20170610,20180801
3351,1,1,1,1,1,0,0,20170828,20180801
3123,0,0,0,0,0,1,1,20170610,20180801
3352,1,1,1,1,1,0,0,20170828,20180801
3125,0,0,0,0,0,1,1,20170610,20180801